[gd_scene format=3 uid="uid://dxghou5p21myx"]

[ext_resource type="Script" uid="uid://cfrc8pe1po7fe" path="res://Player/PlayerMovement.gd" id="1_t8ibh"]
[ext_resource type="PackedScene" uid="uid://d103h1wsg7n5e" path="res://Player/Cat/car.tscn" id="2_q3lat"]
[ext_resource type="PackedScene" uid="uid://baaq7oy6allsb" path="res://Player/mage/Mage.tscn" id="3_tok1r"]

[sub_resource type="CapsuleMesh" id="CapsuleMesh_8jovo"]

[sub_resource type="BoxMesh" id="BoxMesh_t8ibh"]

[sub_resource type="CapsuleShape3D" id="CapsuleShape3D_t8ibh"]

[node name="Player" type="Node3D" unique_id=1652226877 groups=["Player"]]

[node name="MovementComp" type="CharacterBody3D" parent="." unique_id=1360391585]
transform = Transform3D(-1, 0, 1.509958e-07, 0, 1, 0, -1.509958e-07, 0, -1, 0, 1, 0)
script = ExtResource("1_t8ibh")
IsMage = true

[node name="Visuals" type="Node3D" parent="MovementComp" unique_id=873187538]

[node name="Bean" type="MeshInstance3D" parent="MovementComp/Visuals" unique_id=83650597]
transform = Transform3D(1, 0, 0, 0, 0.99999994, 0, 0, 0, 1, 0, 2.9802322e-08, 0)
visible = false
mesh = SubResource("CapsuleMesh_8jovo")
skeleton = NodePath("../..")

[node name="Cool Eyes" type="CSGMesh3D" parent="MovementComp/Visuals/Bean" unique_id=138582570]
transform = Transform3D(0.6398529, 0, 0, 0, 0.25839624, 0, 0, 0, 0.6898637, 0, 0.4190353, -0.2702638)
mesh = SubResource("BoxMesh_t8ibh")

[node name="Car" parent="MovementComp/Visuals" unique_id=580211 instance=ExtResource("2_q3lat")]
transform = Transform3D(-1, 0, -8.742278e-08, 0, 1, 0, 8.742278e-08, 0, -1, 0, -1, 0)
visible = false

[node name="Mage" parent="MovementComp/Visuals" unique_id=955432568 instance=ExtResource("3_tok1r")]
transform = Transform3D(1, 0, 0, 0, 1, 0, 0, 0, 1, 0, -1, 0)

[node name="Skeleton3D" parent="MovementComp/Visuals/Mage/CharacterMesh/Rig" parent_id_path=PackedInt32Array(955432568, 711738988) index="0" unique_id=2073900832]
bones/1/position = Vector3(4.6755577e-10, 0.35783622, -0.0019610687)
bones/1/rotation = Quaternion(-0.010418291, -0.0036791903, 0.009538586, 0.99989355)
bones/2/rotation = Quaternion(-0.016263561, -0.076577954, 0.005206324, 0.99691737)
bones/3/rotation = Quaternion(0.04373451, -0.0033910098, 0.014852069, 0.9989271)
bones/4/rotation = Quaternion(-0.67576426, -0.018957537, -0.617337, 0.40234104)
bones/5/rotation = Quaternion(2.2663906e-08, -4.7530484e-08, -0.21543884, 0.9765174)
bones/7/rotation = Quaternion(-0.32261798, -0.21407571, -0.020288555, 0.9217796)
bones/9/rotation = Quaternion(-0.6502182, 0.40777415, 0.63641226, 0.07691603)
bones/10/rotation = Quaternion(2.6923814e-08, 4.075807e-08, 0.3494522, 0.9369542)
bones/12/rotation = Quaternion(-0.28521332, 0.23184934, -0.1427404, 0.9189801)
bones/13/rotation = Quaternion(0.010442623, -0.010534191, 0.6346497, 0.7726577)
bones/14/rotation = Quaternion(-0.027350787, 0.076258734, -0.026031516, 0.9963729)
bones/15/rotation = Quaternion(0.9936136, 0.02720851, 0.011923368, -0.10885614)
bones/16/rotation = Quaternion(0.0019820035, 7.073884e-08, -8.502923e-10, 0.99999803)
bones/17/rotation = Quaternion(-0.30364358, -0.27490166, -0.026568975, 0.91187924)
bones/19/rotation = Quaternion(0.9991604, -0.028566556, -0.015398528, -0.025009785)
bones/20/rotation = Quaternion(0.0019819138, -6.6744924e-08, 3.2222132e-09, 0.99999803)
bones/21/rotation = Quaternion(-0.27949563, 0.1175119, 0.016509838, 0.95278573)
bones/24/position = Vector3(0.1540212, 0.01871304, 0.1251828)
bones/26/position = Vector3(-8.026716e-09, 0.1536744, -3.8616963e-09)
bones/27/position = Vector3(-4.5441237e-09, 0.11926801, -5.11392e-09)
bones/33/position = Vector3(-8.026716e-09, 0.1536744, -1.8067801e-15)
bones/38/position = Vector3(0.36291033, 0.62327933, -0.07813185)
bones/38/rotation = Quaternion(0.78869104, 0.017844524, 0.6127851, -0.04628723)
bones/39/position = Vector3(-0.3265248, 0.5033351, -0.3209059)
bones/40/position = Vector3(-0.3678072, 0.6780448, 0.15478872)
bones/40/rotation = Quaternion(0.697215, -0.2559045, -0.59980106, 0.2977297)

[node name="handslot_l" parent="MovementComp/Visuals/Mage/CharacterMesh/Rig/Skeleton3D" index="0" unique_id=1303946804]
transform = Transform3D(-0.0499152, 0.26128834, 0.96396923, 0.99790883, -0.02663225, 0.05889142, 0.04106026, 0.9648932, -0.25941256, 0.36402267, 0.50836104, -0.0735559)

[node name="Spellbook_open" parent="MovementComp/Visuals/Mage/CharacterMesh/Rig/Skeleton3D/handslot_l" index="1" unique_id=1949238984]
visible = false

[node name="handslot_r" parent="MovementComp/Visuals/Mage/CharacterMesh/Rig/Skeleton3D" index="1" unique_id=1909478327]
transform = Transform3D(-0.012385417, -0.16411279, -0.98636395, -0.8156565, 0.57226264, -0.08497202, 0.5784041, 0.8034815, -0.14094728, -0.36159977, 0.61783224, 0.2591249)

[node name="1H_Wand" parent="MovementComp/Visuals/Mage/CharacterMesh/Rig/Skeleton3D/handslot_r" index="0" unique_id=399068208]
visible = false

[node name="head" parent="MovementComp/Visuals/Mage/CharacterMesh/Rig/Skeleton3D" index="2" unique_id=691737407]
transform = Transform3D(0.9998147, -0.013425679, -0.013793483, 0.0137314275, 0.9996567, 0.022315323, 0.013489172, -0.022500597, 0.9996557, -0.023384938, 0.9584897, -0.01418674)

[node name="chest" parent="MovementComp/Visuals/Mage/CharacterMesh/Rig/Skeleton3D" index="3" unique_id=719697816]
transform = Transform3D(0.98407483, -0.07011971, -0.16333978, 0.06466236, 0.9971643, -0.038498085, 0.16557607, 0.027323063, 0.9858184, -0.009814419, 0.7655049, -0.01947467)

[node name="FirePos" type="Node3D" parent="MovementComp/Visuals" unique_id=1335023573]
transform = Transform3D(-1, 0, -1.509958e-07, 0, 1, 0, 1.509958e-07, 0, -1, 0, 0.034, -1)

[node name="CollisionShape3D" type="CollisionShape3D" parent="MovementComp" unique_id=2144805570]
shape = SubResource("CapsuleShape3D_t8ibh")

[node name="CameraPivot" type="Node3D" parent="." unique_id=487482208]
transform = Transform3D(-4.371139e-08, 0, -1, 0, 1, 0, 1, 0, -4.371139e-08, 0, 0, 0)

[node name="Camera3D" type="Camera3D" parent="CameraPivot" unique_id=1096391987]
transform = Transform3D(-4.371139e-08, 0.5, -0.8660254, 0, 0.8660254, 0.5, 1, 2.1855694e-08, -3.7855173e-08, -18, 12, 0)
current = true
fov = 32.0
size = 12.0
far = 150.0

[node name="cam_Initailpt" type="Node3D" parent="CameraPivot" unique_id=155876621]
transform = Transform3D(1, 0, 0, 0, 1, 0, 0, 0, 1, -3, 2.5, 0)

[node name="cam_finalpt" type="Node3D" parent="CameraPivot" unique_id=1753691796]
transform = Transform3D(1, 0, 0, 0, 1, 0, 0, 0, 1, -18, 12, 0)

[editable path="MovementComp/Visuals/Car"]
[editable path="MovementComp/Visuals/Mage"]
